expo=50
channel=ZS
accummulate=4
gain=0
set_run=S
dev_id=18
time=00:00-23:59-10
repeat=1
max=3200
latitude=61.02
longitude=-69.02
pix2nm=9.5*10**-8/0.039478253/277.025477156
kz=0/12.5/-189/200/0.001/0/20/-329/920
kz_obl=0/1
omega=0/0/1
hs=8
points=312,332,332,352,393.37,396.78
pix+-=25
hour_pelt=+0
auto_exp=1
zenith_add=1.2
ozone_add=0
stn_id=150
R21_0=8.5/-135.3/690/-1570/0.003/0/-15/100/-325
R34_0=8.7/-135/688/-1575/0.003/0/-16/102/-326
kdX=0.002/-0.035/0.15
uva_koef=1
uvb_koef=1
uve_koef=1
