expo=50
channel=ZS
accummulate=4
gain=0
set_run=S
dev_id=12
time=00:00-23:59-10
repeat=1
max=3200
latitude=64.16
longitude=-100.14
pix2nm=-0.000000042/0.039682008/285.135507310
kz=0/-13.269/143.7/-801.66/0.05/0/-4.3464/8.6854/-105.22
kz_obl=0/1
omega=0/0/1
hs=5
points=312,332,332,350,393.37,396.78
pix+-=25
hour_pelt=+0
auto_exp=1
zenith_add=-1.2
ozone_add=0
stn_id=276
R21_0=0/-47.392/362.38/-1152.2/0.05/0/8.1502/-69.69/17.609
R34_0=0/-47.392/362.38/-1152.2/0.05/0/8.1502/-69.69/17.609
kdX=0.002/-0.035/0.08
uva_koef=1
uvb_koef=1
uve_koef=1
